-30083
14580
-11603
-45630
-19763
10580
-3203
-21870
11520
48020
-31363
-32670
20
42320
-42563
15680
56180
-35363
-14963
19220
62720
-963
-22963
58320
-17763
46080
-4083
9680
-27603
64980
-3630
8820
16820
21780
500
-9363
5120
32000
7220
-1203
-47203
-2430
6480
-41070
-5070
-15870
-26403
-24083
8000
-10083
-14083
38720
-1763
5780
30420
-36750
80
33620
-750
52020
-5603
-8670
-6750
60500
13520
3380
-6163
2880
44180
27380
50000
-8003
-1470
24500
-30
69620
4500
67280
-7363
40500
320
18000
0.0
-39603
-10830
2420
-12403
-13230
-163
-44083
-563
36980
-28830
-25230
23120
54080
980
-2803
3920
-403
35280
1620
-34003
2000
12500
-2083
180
-16803
28880
-3
1280
20480
-20803
-83
-18750
-270
25920
720
-38163
-4563